E124 18 0 343 1 19 2 5 3 5393 4 2 5 98 6 827 7 4 8 5 9 417 10 575 11 207 12 4 13 2245 14 1 15 3 16 3611 17 1505
E125 18 0 389 1 20 2 5 3 6418 4 3 5 105 6 881 7 6 8 8 9 612 10 571 11 240 12 4 13 3127 14 1 15 3 16 3533 17 1850 
E126 10 0 10 3 76 5 1 6 63 10 16 11 15 13 113 14 1 16 136 17 84 
E127 10 0 13 2 4 3 373 4 2 5 32 6 284 11 1 13 315 16 331 17 69 
E128 15 0 144 3 993 4 2 5 29 6 641 8 1 9 2 10 8 11 1 12 3 13 477 14 2 15 2 16 604 17 225 
E129 16 0 168 1 19 3 2797 5 62 6 826 7 8 8 1 9 20 10 12 11 7 12 4 13 592 14 1 15 3 16 822 17 586 
E130 18 0 103 1 1 2 19 3 1181 4 10 5 19 6 125 7 30 8 10 9 41 10 68 11 11 12 10 13 557 14 1 15 3 16 785 17 149 
E131 12 0 183 3 1547 5 46 6 749 9 23 10 42 11 71 12 3 13 1161 15 1 16 1346 17 1355 
E132 12 0 97 3 1030 5 23 6 462 7 1 9 49 10 36 11 7 13 925 15 4 16 1863 17 553 
E133 9 0 92 3 750 5 12 6 247 13 104 14 1 15 1 16 232 17 160 
E134 12 0 52 3 599 5 17 6 375 8 1 9 3 10 1 11 3 13 416 15 1 16 153 17 43 
E135 13 0 63 3 601 5 2 6 133 8 1 9 3 10 3 11 2 13 1689 14 1 15 1 16 293 17 55 
E136 5 3 10 6 13 13 321 16 714 17 228 
E137 14 0 204 1 1 3 1315 5 19 6 458 9 8 10 7 11 17 12 7 13 404 14 2 15 1 16 480 17 218 
E138 10 0 3 3 22 5 1 6 13 9 1 10 1 11 5 13 287 16 95 17 84 
E139 10 0 3 3 94 5 2 6 93 9 3 10 3 11 18 13 50 16 166 17 25 
E140 12 0 85 3 556 4 1 5 22 6 545 9 11 10 1 11 2 13 540 14 4 16 169 17 87 
E141 14 0 451 2 1 3 164 5 2 6 115 9 153 10 106 11 48 12 3 13 138 14 1 15 1 16 106 17 68 
E142 10 3 28 5 1 6 218 8 2 9 79 10 35 11 3 13 86 16 132 17 120 
E143 17 0 160 1 2 3 1223 4 1 5 26 6 495 7 17 8 9 9 23 10 12 11 3 12 3 13 732 14 2 15 2 16 584 17 285 
E144 10 0 55 3 768 5 16 6 137 10 2 11 1 12 1 13 927 16 464 17 63 
E145 17 0 212 1 1 3 174 5 3 6 748 7 2 8 1 9 22 10 95 11 84 12 2 13 446 14 1 15 1 16 526 17 597 20 1 
E146 13 0 126 3 759 4 2 5 15 6 426 7 7 8 1 9 56 10 44 11 83 13 580 16 694 17 377 
E147 13 0 298 3 3332 5 23 6 262 9 1 10 8 11 9 12 3 13 454 14 2 15 1 16 604 17 606 
E148 11 0 20 3 208 5 3 6 75 9 1 10 2 11 24 12 1 13 5 16 79 17 93 
E149 8 0 2 3 114 6 93 10 1 12 1 13 17 16 31 17 26 
E150 14 0 168 3 1465 4 1 5 28 6 161 8 2 9 17 10 15 11 9 12 1 13 304 14 1 16 695 17 401 
E151 12 0 21 1 1 3 114 5 1 6 100 9 2 10 2 11 5 12 1 13 115 16 263 17 156 
E152 10 0 300 3 276 5 4 6 183 9 12 10 5 13 22 14 1 16 55 17 33 
E153 6 3 14 5 1 6 8 13 3 16 39 17 6 
E154 15 0 47 1 4 2 2 3 202 5 15 6 178 8 1 9 11 10 13 11 3 12 1 13 677 15 4 16 1033 17 466 
E155 10 0 3 3 18 5 1 6 20 9 1 10 1 11 5 13 75 16 183 17 91 
E156 10 0 28 3 161 4 2 5 3 6 52 10 2 11 2 13 60 16 137 17 145 
E157 13 0 3 3 385 5 12 6 160 7 1 8 1 9 90 10 49 11 10 12 1 13 478 16 180 17 102 
E158 10 0 24 3 501 5 6 6 117 8 1 10 1 11 2 13 293 16 119 17 35 
E159 16 0 262 3 1805 4 2 5 43 6 566 7 6 8 2 9 9 10 27 11 3 12 2 13 538 14 2 15 1 16 842 17 362 
E160 10 0 40 2 2 3 1423 5 13 6 226 9 15 11 4 13 604 16 834 17 1084 
E161 8 0 3 3 99 5 8 6 55 9 1 13 50 16 23 17 7 
E162 18 0 420 1 3 2 1 3 3363 5 105 6 4103 7 7 8 6 9 56 10 57 11 40 12 9 13 429 14 2 15 6 16 675 17 537 25 1 
E163 17 0 59 2 1 3 323 4 1 5 6 6 410 7 8 8 3 9 15 10 14 11 12 12 8 13 711 14 1 15 1 16 557 17 446 
E164 11 0 418 3 905 5 12 6 152 9 5 10 6 11 19 13 754 14 2 16 942 17 884 
E165 16 0 78 3 1547 4 1 5 200 6 1083 7 27 8 5 9 12 10 23 11 17 12 1 13 479 14 1 15 2 16 514 17 157 
E166 8 0 4 3 82 5 2 6 27 12 1 13 29 16 16 17 7 
E167 16 0 208 1 2 3 1549 5 97 6 1721 7 1 8 6 9 38 10 62 11 54 12 20 13 808 15 6 16 970 17 1528 18 1 
E168 3 3 7 6 4 13 450 
E169 14 0 119 3 2252 5 18 6 717 7 6 8 12 9 53 10 24 11 11 12 1 13 1077 15 1 16 1085 17 435 
E170 11 0 59 3 413 5 16 6 178 9 1 10 3 11 1 12 1 13 85 16 250 17 240 
E171 12 0 188 1 18 3 730 4 1 5 11 6 438 9 53 10 3 11 8 13 176 16 90 17 107 
E172 8 3 11 6 45 9 163 10 14 11 8 13 80 16 76 17 67 
E173 14 0 28 3 128 5 28 6 97 7 7 8 14 9 7 10 5 11 14 12 1 13 265 14 1 16 360 17 359 
E174 13 0 62 1 2 3 330 5 54 6 396 7 6 8 3 9 5 10 2 11 3 13 457 16 495 17 504 
E175 13 0 154 3 800 4 1 5 34 6 405 9 26 10 61 11 62 12 1 13 907 14 2 16 1111 17 366 
E176 13 0 66 3 1300 5 26 6 513 7 1 8 1 9 1 10 2 11 3 13 479 15 1 16 556 17 214 
E177 13 0 49 3 1270 4 1 5 36 6 411 7 1 9 2 10 12 11 2 13 407 15 1 16 578 17 291 
E178 7 0 10 3 5 6 6 9 19 13 94 16 77 17 122 
E179 16 0 172 1 26 2 8 3 667 4 4 5 2 6 273 7 3 8 1 9 12 10 57 11 1 13 328 14 2 16 323 17 121 
E180 16 0 171 1 1 3 1434 4 1 5 21 6 621 8 1 9 19 10 23 11 17 12 9 13 480 14 1 16 429 17 316 18 1 
E181 18 -6 1 -5 1 0 26 2 6 3 378 4 1 5 9 6 221 8 3 9 128 10 131 11 82 12 1 13 541 14 1 15 3 16 752 17 689 
E182 11 0 32 3 197 5 2 6 91 7 1 9 20 10 23 11 29 13 207 16 229 17 141 
E183 9 0 21 2 1 3 671 5 3 6 134 9 14 13 387 16 128 17 49 
E184 14 0 34 3 606 4 1 5 16 6 174 9 2 10 2 11 7 12 5 13 369 14 2 15 5 16 538 17 206 
E185 7 0 1 3 9 6 8 9 2 13 17 16 17 17 13 
E186 10 0 25 1 10 3 425 4 1 5 3 6 100 9 4 13 215 16 138 17 20 
E187 16 0 234 3 1285 4 2 5 20 6 498 7 6 8 2 9 8 10 19 11 1 12 1 13 339 14 2 15 1 16 855 17 421 
E188 13 0 46 3 306 5 1 6 245 7 1 8 1 9 12 10 19 11 28 13 380 15 2 16 613 17 830 
E189 17 0 54 3 984 4 1 5 51 6 821 7 5 8 5 9 22 10 45 11 14 12 4 13 553 14 2 15 1 16 541 17 232 18 2 
E190 7 0 7 1 2 3 54 6 7 13 7 16 24 17 21 
E191 12 0 29 3 200 5 7 6 225 8 1 9 2 10 4 11 16 13 71 15 1 16 172 17 449 
E192 6 0 8 3 5 6 10 13 43 16 28 17 4 
E193 12 0 2 1 1 3 306 5 2 6 269 8 12 9 23 10 6 11 2 13 200 16 309 17 407 
E194 16 0 124 3 2145 4 2 5 16 6 661 7 2 8 3 9 9 10 36 11 35 12 11 13 730 14 1 15 1 16 745 17 236 
E195 14 0 69 2 1 3 602 5 10 6 428 7 1 9 29 10 34 11 54 12 3 13 291 15 1 16 357 17 387 
E196 12 0 3 3 79 5 2 6 154 9 1 10 3 11 3 12 5 13 294 14 2 16 324 17 466 
E197 14 0 129 3 2217 5 37 6 953 7 6 8 2 9 6 10 22 11 12 12 4 13 1226 14 2 16 1090 17 643 
E198 14 0 5 3 199 5 9 6 89 7 1 9 9 10 12 11 17 12 1 13 367 14 1 15 1 16 244 17 154 
E199 4 3 28 6 12 13 3 16 4 
E200 10 0 5 2 12 3 119 4 3 5 2 6 82 10 6 13 276 16 520 17 176 
E201 13 3 76 5 1 6 103 7 1 8 1 9 63 10 3 11 12 12 4 13 60 15 4 16 85 17 50 
E202 8 0 3 3 108 6 29 10 3 11 12 13 76 16 49 17 84 
E203 12 0 6 3 678 5 4 6 129 7 5 8 6 9 22 10 27 11 13 13 116 16 81 17 55 
E204 16 0 120 3 1479 4 1 5 51 6 679 7 1 8 1 9 10 10 19 11 24 12 7 13 526 14 6 15 4 16 1124 17 977 
E205 4 6 6 13 69 16 26 17 36 
E206 17 0 240 1 1 2 1 3 1180 4 1 5 21 6 585 7 1 9 14 10 11 11 8 12 9 13 565 14 2 15 2 16 595 17 321 
E207 12 0 103 3 2025 5 16 6 99 8 2 9 1 11 2 12 1 13 209 14 1 16 355 17 484 
E208 9 0 12 3 14 6 42 10 6 12 6 13 200 15 5 16 305 17 373 
E209 18 0 300 1 12 2 1 3 2404 4 5 5 72 6 854 7 13 8 10 9 27 10 35 11 24 12 20 13 1413 14 6 15 11 16 1909 17 1012 
E210 8 0 3 3 241 5 4 6 25 10 8 13 122 16 105 17 28 
E211 7 0 8 3 185 5 10 6 34 13 85 16 54 17 27 
E212 8 0 16 3 21 5 1 6 21 10 2 13 22 16 42 17 8 
E213 10 0 39 3 792 5 19 6 536 9 2 10 2 11 1 13 129 16 256 17 327 
E214 9 0 31 3 453 4 1 6 22 9 8 10 10 13 48 16 62 17 57 
E215 8 0 5 3 42 5 2 6 24 12 1 13 40 16 45 17 13 
E216 16 0 119 1 2 3 1060 5 19 6 577 7 6 8 4 9 10 10 5 11 5 12 1 13 566 14 1 15 1 16 706 17 258 
E217 6 6 5 10 1 11 4 13 73 16 55 17 64 
E218 9 0 20 2 7 3 510 6 72 9 19 11 3 13 240 16 113 17 42 
E219 16 0 54 1 1 3 930 5 19 6 1494 7 21 8 2 9 20 10 15 11 20 12 9 13 661 14 3 15 5 16 655 17 390 
E220 17 0 79 1 7 2 3 3 2091 4 11 5 49 6 1746 7 18 8 11 9 93 10 59 11 74 12 8 13 544 14 4 16 557 17 354 
E221 16 0 315 3 1749 4 2 5 31 6 493 7 2 8 3 9 7 10 3 11 9 12 8 13 818 14 9 15 7 16 733 17 240 
E222 16 0 142 3 1103 4 2 5 28 6 515 7 1 8 3 9 13 10 8 11 8 12 9 13 988 14 3 15 1 16 804 17 697 
E223 15 0 37 1 1 3 752 5 8 6 302 7 4 8 1 9 33 10 16 11 3 12 2 13 891 14 1 15 1 16 453 
E224 7 0 25 3 50 6 70 11 6 13 98 16 142 17 332 
E225 17 0 146 1 4 3 1985 4 1 5 39 6 721 7 41 8 11 9 36 10 73 11 17 12 4 13 397 14 1 15 3 16 403 17 291 
E226 10 0 54 3 394 5 13 6 142 9 13 10 2 11 1 13 103 16 199 17 101 
E227 12 0 95 1 1 3 1112 4 3 5 12 6 235 9 9 10 13 11 4 13 510 16 385 17 399 
E228 12 0 22 3 960 5 24 6 368 7 1 8 1 9 6 10 7 11 9 13 401 16 588 17 278 
E229 10 0 10 3 117 5 86 6 279 7 4 8 3 13 192 15 1 16 359 17 519 
E230 6 3 24 5 1 6 7 13 3 16 21 17 27 
E231 10 0 12 2 1 3 210 5 11 6 73 8 2 12 5 13 163 16 152 17 52 
E232 12 0 39 3 386 6 121 7 6 9 6 10 34 11 147 12 1 13 28 14 1 16 9 17 4 
E233 10 0 3 3 216 5 1 6 41 9 2 10 1 13 256 14 1 16 177 17 20 
E234 14 0 11 3 334 5 13 6 335 7 1 8 2 9 10 10 4 11 1 12 2 13 81 14 2 16 79 17 44 
E235 8 0 1 3 125 5 4 6 46 10 2 13 144 16 194 17 77 
E236 6 3 115 5 2 6 28 13 24 16 20 17 8 
E237 16 0 47 3 446 4 1 5 10 6 277 7 1 8 4 9 56 10 14 11 2 12 9 13 485 14 1 15 1 16 457 17 89 
E238 17 0 259 1 2 3 1672 4 1 5 63 6 545 7 6 8 4 9 14 10 16 11 10 12 2 13 419 14 2 15 1 16 594 17 198 
E239 6 3 51 6 20 10 2 13 208 16 79 17 7 
E240 9 0 26 3 561 5 9 6 165 13 51 14 1 15 1 16 165 17 106 
E241 9 0 5 3 44 4 10 5 6 6 75 11 1 13 114 16 91 17 69 
E242 7 0 2 3 94 6 23 10 1 13 164 16 145 17 74 
E243 11 0 2 3 439 5 13 6 99 10 1 11 1 12 2 13 53 14 1 16 40 17 30 
E244 8 0 3 3 82 6 94 10 1 11 2 13 200 16 476 17 247 
E245 6 3 25 6 8 12 1 13 47 16 147 17 36 
E246 14 0 39 1 6 2 1 3 514 5 11 6 326 9 4 10 8 11 8 12 2 13 165 14 3 16 133 17 78 
E247 14 0 76 3 233 5 1 6 40 8 3 9 23 10 22 11 15 12 3 13 211 14 9 15 4 16 189 17 86 
E248 12 0 61 2 2 3 633 5 16 6 152 9 1 10 1 11 1 13 189 14 1 16 292 17 117 
E249 9 0 10 3 260 5 6 6 15 11 1 12 3 13 92 16 181 17 52 
E250 8 0 5 2 2 3 123 5 4 6 51 13 125 16 51 17 66 
E251 13 0 22 3 306 5 51 6 186 9 6 10 6 11 3 12 1 13 294 14 1 15 1 16 427 17 51 
E252 10 0 3 3 55 5 11 6 31 9 1 10 8 11 12 13 224 16 202 17 358 
E253 11 0 90 3 328 4 2 5 4 6 84 9 2 10 1 11 1 13 127 16 373 17 184 
E254 4 3 27 6 41 13 52 16 116 
E255 12 0 65 3 462 5 5 6 272 7 2 9 4 10 4 11 1 12 1 13 170 16 220 17 125 
E256 6 3 3 5 2 6 6 13 45 16 77 17 137 
E257 8 2 2 3 36 4 2 6 6 10 1 13 104 16 109 17 77 
E258 17 0 539 1 2 2 2 3 316 4 1 5 57 6 671 7 4 9 20 10 24 11 63 12 8 13 138 14 3 15 14 16 228 17 143 
E259 14 0 37 3 596 5 334 6 393 7 14 8 5 9 63 10 81 11 38 12 4 13 339 14 1 16 279 17 137 
E260 10 0 8 3 244 5 11 6 199 9 4 10 1 12 1 13 310 16 351 17 214 
E261 13 0 26 3 511 5 5 6 247 7 1 9 10 10 8 11 6 13 195 14 1 15 1 16 215 17 112 
E262 8 3 3 5 2 6 25 9 11 11 2 13 122 16 72 17 83 
E263 7 0 24 3 131 5 2 6 145 13 78 16 79 17 31 
E264 12 0 50 1 1 3 373 5 1 6 274 7 2 9 4 10 4 11 1 13 180 16 364 17 248 
E265 14 0 57 3 647 4 1 5 14 6 361 7 2 9 17 10 13 11 37 12 1 13 253 15 1 16 296 17 268 
E266 8 0 2 3 57 4 6 5 1 6 71 13 62 16 69 17 21 
E267 6 0 43 3 44 6 5 10 1 13 70 16 26 
E268 3 3 33 6 3 13 6 
E269 7 0 3 3 34 6 34 11 1 13 35 16 40 17 22 
E270 7 3 47 6 69 10 5 11 19 13 136 16 160 17 112 
E271 10 0 15 3 316 5 62 6 231 9 6 10 20 11 1 13 269 16 284 17 434 
E272 13 0 43 3 474 5 25 6 197 7 1 8 2 9 3 10 1 11 2 12 2 13 94 16 183 17 141 
E273 14 0 91 3 565 5 111 6 189 8 1 9 11 10 11 11 5 12 15 13 166 14 1 15 2 16 186 17 106 
E274 4 3 8 6 1 10 1 16 2 
E275 12 0 7 3 71 6 83 7 4 9 11 10 1 11 3 12 5 13 103 15 1 16 54 17 21 
E276 11 0 21 3 278 5 17 6 143 8 1 9 13 10 6 11 6 13 226 16 260 17 51 
E277 10 3 63 6 49 9 2 10 1 11 2 12 1 13 49 15 1 16 74 17 77 
E278 13 0 4 3 16 5 1 6 48 9 5 10 6 11 4 12 5 13 151 14 4 15 2 16 87 17 56 
E279 11 0 16 3 65 5 15 6 135 9 21 10 33 11 17 12 1 13 74 16 160 17 63 
E280 7 0 1 3 60 6 44 9 1 13 154 16 192 17 92 
E281 11 0 119 3 445 5 2 6 188 7 32 9 3 10 6 11 3 13 46 16 103 17 55 
E282 14 0 26 3 163 5 92 6 165 7 50 8 11 9 10 10 2 11 1 12 7 13 55 15 6 16 73 17 91 
E283 10 0 11 3 69 6 29 7 19 8 1 11 5 13 102 15 2 16 137 17 207 
E284 12 0 3 3 228 4 1 5 39 6 77 7 1 9 9 10 2 11 3 13 178 16 202 17 264 
E285 11 0 30 3 164 5 3 6 91 9 2 10 3 11 1 13 122 15 2 16 116 17 196 
E286 8 0 1 3 23 6 36 9 1 10 1 13 119 16 102 17 7 
E287 8 1 1 3 39 6 8 9 1 10 1 13 98 16 101 17 173 
E288 8 0 2 3 114 5 6 6 27 9 1 13 142 16 175 17 108 
E289 10 0 281 3 93 6 232 9 16 10 13 11 13 13 706 14 1 16 1713 17 239 
E290 9 0 5 3 222 5 12 6 120 10 1 13 147 15 2 16 172 17 178 
E291 10 0 27 3 90 5 1 6 66 7 2 10 3 11 2 13 17 16 151 17 13 
E292 11 0 23 3 36 5 9 6 103 9 12 10 31 11 13 13 31 14 1 16 43 17 21 
E293 5 3 5 6 15 13 9 16 16 17 11 
E294 9 0 8 3 297 5 7 6 216 9 2 11 5 13 78 16 149 17 83 
E295 6 3 91 5 5 6 37 13 209 16 203 17 273 
E296 12 0 53 3 661 5 16 6 213 7 1 8 1 9 2 10 4 12 3 13 233 16 255 17 4 
E297 5 3 4 6 6 13 15 16 11 17 14 
E298 11 0 79 3 492 5 15 6 29 9 1 10 1 12 1 13 203 14 5 16 73 17 3 
E299 10 0 6 3 120 5 2 6 73 9 28 10 31 11 36 12 1 13 169 16 104 
E300 10 0 3 3 210 5 1 6 153 9 17 11 2 12 1 13 290 16 47 17 23 
E301 17 0 140 1 6 3 1180 4 6 5 22 6 553 7 7 8 4 9 26 10 34 11 19 12 20 13 420 14 5 15 1 16 404 17 124 
E302 12 0 82 1 1 3 217 5 18 6 258 8 3 9 2 10 2 11 1 13 105 16 138 17 72 
E303 11 0 3 3 152 5 2 6 26 7 2 8 1 9 5 10 7 13 188 16 237 17 59 
E304 10 0 8 3 61 5 44 6 111 9 18 10 7 11 2 13 164 16 126 17 47 
E305 10 0 93 3 236 5 13 6 63 8 1 11 1 13 34 14 1 16 101 17 32 
E306 13 0 35 3 569 4 1 5 17 6 187 9 10 10 6 11 3 12 2 13 119 14 1 16 209 17 66 
E307 8 0 4 3 154 5 4 6 83 12 1 13 112 16 64 17 30 
E308 10 0 181 3 36 5 153 6 66 9 3 10 2 11 2 13 17 16 20 17 7 
E309 9 0 11 3 443 5 11 6 130 9 32 10 3 13 165 16 121 17 18 
E310 12 0 107 3 499 5 18 6 188 9 2 10 5 11 13 12 1 13 215 14 2 16 570 17 219 
E311 17 0 141 2 1 3 425 4 4 5 12 6 207 7 4 8 1 9 27 10 36 11 12 12 6 13 757 14 3 15 3 16 721 17 154 
E312 12 0 101 1 1 3 1543 5 17 6 1050 7 9 9 1 10 3 12 3 13 805 16 544 17 356 
E313 9 0 10 3 31 5 1 6 129 9 1 10 1 13 43 16 54 17 55 
E314 11 0 38 3 258 6 44 8 1 10 1 11 2 12 1 13 409 15 1 16 471 17 11 
E315 8 0 6 3 64 5 10 6 86 9 1 13 63 16 95 17 51 
E316 9 0 25 3 133 5 31 6 143 9 1 10 3 13 184 16 127 17 107 
E317 11 0 24 3 95 5 10 6 105 7 2 9 1 10 1 12 2 13 39 16 50 17 18 
E318 13 3 18 5 3 6 154 7 30 8 15 9 9 10 7 11 6 12 1 13 12 14 1 16 13 17 28 
E319 5 3 8 6 4 13 44 16 65 17 55 
E320 7 0 4 3 58 6 43 13 45 16 51 17 29 18 1 
E321 5 3 1 6 5 13 17 16 22 17 17 
E322 12 0 11 3 262 5 5 6 169 8 1 9 5 10 3 12 1 13 162 14 2 16 161 17 102 
E323 13 0 30 3 146 4 1 6 111 7 2 8 3 9 1 10 2 11 2 13 121 14 2 16 32 17 15 
E324 7 0 11 3 28 6 24 11 1 13 243 16 564 17 698 
E325 10 0 85 3 42 5 14 6 46 8 2 11 1 13 75 14 1 16 134 17 113 
E326 6 3 1 4 1 6 5 13 67 16 93 17 103 
E327 7 3 48 5 4 6 38 13 83 15 1 16 144 17 148 
E328 10 0 4 3 3 5 4 6 37 7 3 9 8 10 4 13 215 16 162 17 7 
E329 1 6 5 
E330 16 0 181 1 1 3 435 5 34 6 111 8 1 9 5 10 10 11 3 12 6 13 279 14 11 15 9 16 211 17 46 18 1 
E331 7 0 3 3 36 6 57 10 2 13 7 16 16 17 18 
E332 12 0 12 3 187 5 4 6 67 9 1 10 17 11 53 13 66 14 3 15 8 16 307 17 92 
E333 14 0 24 3 257 5 10 6 32 7 4 8 2 10 2 11 7 12 6 13 197 14 2 15 3 16 253 17 45 
E334 5 3 13 6 45 13 23 16 35 17 31 
E335 7 0 42 3 35 6 4 11 1 13 228 15 1 16 120 
E336 3 0 3 3 1 6 3 
E337 9 3 17 6 17 7 1 8 1 9 2 12 1 13 8 16 14 17 5 
E338 8 0 11 2 1 3 78 6 54 11 1 13 51 16 46 17 9 
E339 7 0 14 3 12 6 14 10 1 13 27 16 49 17 9 
E340 4 3 1 6 6 10 2 16 1 
E341 4 3 6 6 4 13 28 16 15 
E342 6 0 22 3 22 6 14 13 64 16 46 17 77 
E343 1 6 3 
E344 7 3 19 5 1 6 65 11 1 13 17 16 7 17 8 
E345 6 0 4 3 84 6 41 13 68 16 25 17 27 
E346 7 0 1 3 86 5 2 6 26 13 108 16 118 17 146 
E347 7 3 16 5 1 6 11 9 2 13 14 16 18 17 23 
E348 8 0 9 2 2 3 104 6 22 9 1 13 42 16 9 17 3 
E349 4 0 1 6 4 13 1 16 3 
E350 10 0 18 3 79 5 4 6 40 9 3 10 1 12 1 13 212 16 216 17 49 
E351 9 3 54 5 1 6 28 7 1 9 1 10 2 11 1 13 1 16 11 
E352 10 0 39 1 71 3 66 5 28 6 509 9 4 10 2 13 7 16 6 17 3 
E353 12 0 29 1 2 3 68 6 45 7 1 8 1 9 4 10 1 11 1 13 23 16 27 17 22 
E354 5 3 29 6 3 13 3 16 16 17 14 
E355 2 5 1 6 2 
E356 2 0 1 6 2 
E357 3 3 1 6 8 15 1 
E358 1 6 2 
E359 1 6 2 
E360 1 6 3 
E361 3 0 8 3 153 6 10 
E362 5 3 89 6 25 13 1 16 1 17 6 
E363 7 0 3 3 53 6 20 11 3 13 6 16 6 17 2 
E364 6 0 3 3 4 6 100 13 3 16 11 17 19 
E365 8 0 20 3 10 6 34 9 2 11 1 13 33 16 19 17 7 
E366 5 5 3 6 2 13 4 16 7 17 5 
E367 4 3 7 5 2 6 13 16 1 
E368 7 0 3 3 25 6 20 10 2 13 9 16 15 17 9 
E369 7 3 3 6 46 7 1 8 2 13 15 16 31 17 54 
E370 2 3 1 6 2 
E371 7 0 2 3 54 5 1 6 17 13 2 16 1 17 3 
E372 7 3 45 5 3 6 13 10 1 13 95 16 123 17 43 
E373 8 0 5 3 53 6 82 9 1 10 1 13 182 16 365 17 179 
E374 2 3 1 6 2 
E375 1 6 2 
E376 2 3 1 6 2 
E377 5 3 47 6 4 13 27 16 26 17 4 
E378 9 0 3 3 39 5 7 6 24 9 3 10 4 13 263 16 277 17 65 
E379 11 0 9 3 89 5 15 6 144 7 15 9 3 11 4 13 26 15 6 16 22 17 36 
E380 1 6 2 
E381 9 0 22 3 188 5 2 6 105 9 26 11 14 13 381 16 427 17 601 
E382 2 6 1 10 1 
E383 3 3 6 6 6 10 1 
E384 6 0 3 3 30 6 10 13 53 16 73 17 67 
E385 6 2 2 3 3 6 2 10 1 13 17 16 4 
E386 13 0 9 3 128 5 2 6 178 7 1 8 1 10 6 11 5 12 2 13 1 15 1 16 26 17 38 
E387 2 6 2 12 1 
E388 7 0 7 3 11 5 1 6 8 13 77 16 149 17 38 
E389 2 0 1 10 1 
E390 7 0 1 3 6 5 1 6 5 9 1 10 1 16 1 
E391 1 6 3 
E392 13 0 21 3 21 5 2 6 12 9 1 10 2 11 1 12 1 13 50 14 2 15 5 16 45 17 16 
E393 3 6 4 13 10 16 9 
E394 13 0 41 3 152 5 20 6 150 7 2 10 4 11 3 12 3 13 53 14 1 15 9 16 65 17 30 
E395 6 0 1 3 12 6 58 13 10 16 18 17 34 
E396 10 0 8 3 80 6 25 9 2 10 3 13 25 14 1 15 1 16 36 17 17 
E397 2 6 18 16 1 
E398 7 0 1 3 50 5 1 6 9 11 1 13 3 16 8 
E399 4 3 8 13 15 16 20 17 9 
E400 2 6 3 13 13 
E401 5 3 4 6 7 13 7 16 7 17 3 
E402 3 6 7 16 16 17 34 
E403 5 3 56 6 16 13 18 16 13 17 5 
E404 4 6 1 13 12 16 10 17 2 
E405 2 3 1 6 16 
E406 4 3 42 5 1 6 7 13 2 
E407 6 0 1 3 39 6 11 13 43 16 41 17 13 
E408 6 3 3 6 4 10 1 13 17 16 7 17 7 
E409 3 3 1 6 13 16 1 
E410 8 0 5 3 2 6 2 9 1 10 1 13 70 16 23 17 1 
E411 6 0 4 3 19 6 3 13 22 16 53 17 8 
E412 4 3 20 6 3 13 39 16 21 
E413 5 3 1 5 3 6 11 13 15 16 32 
E414 2 3 2 6 4 
E415 1 5 2 
E416 2 0 1 6 6 
E417 7 0 1 3 10 5 2 6 7 13 36 16 52 17 19 
E418 7 0 2 3 21 5 1 6 36 13 7 16 1 17 3 
E419 16 0 184 1 1 2 2 3 349 4 9 5 16 6 192 9 6 10 9 11 3 12 1 13 226 14 1 16 190 17 88 33 1 
E420 11 0 23 3 1 5 8 6 18 7 13 9 5 10 1 11 2 13 20 16 29 17 31 
E421 2 3 3 6 16 
E422 2 6 2 10 1 
E423 4 3 8 6 2 16 1 17 10 
E424 5 3 3 6 15 13 2 16 2 17 3 
E425 17 0 4 1 2 2 1 3 24 5 4 6 10 7 3 8 6 9 15 10 8 11 3 12 4 13 15 14 2 15 1 16 11 17 3 
