E1 12 0 52 3 774 5 6 6 271 8 1 9 4 10 10 11 2 12 1 13 966 16 735 17 427 
E2 20 0 1611 1 18 2 14 3 9909 4 15 5 191 6 3315 7 57 8 41 9 160 10 150 11 128 12 137 13 6240 14 28 15 30 16 7088 17 2299 25 3 33 1 
E3 17 0 262 1 13 3 1375 4 2 5 131 6 1505 7 2 8 2 9 32 10 33 11 25 12 18 13 471 14 6 15 6 16 376 17 108 
E4 12 0 10 2 1 3 88 5 13 6 116 9 1 10 3 11 1 12 1 13 114 16 90 17 83 
E5 13 0 41 1 3 3 323 5 7 6 200 7 2 9 74 10 118 11 38 12 3 13 502 16 631 17 142 
E6 16 0 294 1 1 3 5859 4 2 5 82 6 1199 7 13 9 142 10 351 11 139 12 1 13 906 14 2 15 3 16 1028 17 792 
E7 17 0 2515 1 12 3 4722 4 1 5 43 6 1915 7 174 8 9 9 58 10 58 11 55 12 15 13 1055 14 2 15 3 16 1360 17 646 
E8 17 0 877 1 24 2 10 3 7541 4 4 5 139 6 4129 7 3 8 3 9 99 10 105 11 63 12 4 13 3598 14 2 16 3567 17 1609 
E9 14 0 441 1 5 3 1700 5 29 6 994 7 3 8 44 9 40 10 44 11 242 13 233 15 1 16 260 17 163 
E10 13 0 127 3 1878 5 23 6 491 7 1 9 4 10 10 11 7 12 2 13 517 15 1 16 570 17 229 
E11 15 -3 1 0 12 1 1 3 989 5 16 6 238 9 185 10 8 11 5 12 3 13 514 14 1 15 2 16 600 17 140 
E12 15 0 27 1 5 3 443 5 9 6 398 7 7 8 1 9 6 10 12 11 1 12 1 13 521 15 1 16 250 17 75 
E13 17 0 281 1 9 3 1101 4 1 5 95 6 803 7 10 8 11 9 11 10 35 11 44 12 16 13 4336 14 5 15 8 16 4245 17 2244 
E14 12 0 183 3 1547 5 46 6 749 9 23 10 42 11 71 12 3 13 1161 15 1 16 1346 17 1355 
E15 7 0 2 3 10 6 14 8 1 13 46 16 17 17 2 
E16 10 1 1 2 2 3 109 4 8 5 1 6 34 10 2 13 55 16 70 17 7 
E17 18 0 236 1 19 2 18 3 3628 4 22 5 56 6 407 7 4 8 2 9 15 10 36 11 22 12 11 13 783 14 6 15 4 16 1047 17 827 
E18 15 0 139 1 1 2 1 3 3471 4 11 5 42 6 241 8 1 9 29 10 9 11 3 13 647 16 528 17 331 18 1 
E19 10 0 5 3 27 5 6 6 185 9 7 10 23 11 7 13 226 16 554 17 444 
E20 9 0 29 3 10 6 71 9 1 10 16 11 48 13 184 16 386 17 296 
E21 11 0 64 3 1119 5 4 6 153 9 8 10 6 11 5 12 1 13 300 16 276 17 210 
E22 8 0 2 3 188 6 414 9 64 10 34 13 296 16 192 17 330 
E23 15 0 308 3 871 5 42 6 1075 7 45 8 51 9 35 10 48 11 48 12 33 13 514 14 11 15 23 16 854 17 844 
E24 15 0 93 1 2 3 224 5 3 6 193 7 1 8 1 9 9 10 11 12 1 13 618 14 1 15 1 16 670 17 176 
E25 10 0 21 3 348 5 2 6 270 9 1 10 3 11 1 13 267 16 339 17 139 
E26 12 0 1 3 17 5 38 6 117 7 17 9 2 10 7 11 7 13 117 15 2 16 186 17 247 
E27 15 0 214 3 329 4 1 5 8 6 481 7 4 9 220 10 220 11 180 12 8 13 437 14 2 15 3 16 223 17 145 
E28 9 0 3 3 29 6 16 9 1 12 1 13 68 15 1 16 26 17 11 
E29 5 3 6 6 6 10 1 16 25 17 10 
E30 14 0 12 1 1 3 140 5 3 6 91 8 1 9 4 10 2 11 3 12 1 13 202 16 169 17 110 33 1 
E31 10 0 33 3 84 5 1 6 103 9 2 10 3 11 4 13 59 16 46 17 69 
E32 10 0 37 3 502 5 8 6 55 9 1 10 1 11 2 13 973 16 1039 17 193 
E33 12 0 557 1 45 3 281 4 2 5 3 6 57 9 6 10 16 11 7 13 29 16 57 17 73 
E34 11 0 66 3 702 5 16 6 429 7 3 8 1 9 102 13 495 15 1 16 161 17 95 
E35 11 0 4 3 11 6 32 9 85 10 114 11 81 13 97 14 4 15 4 16 87 17 114 
E36 12 0 38 3 260 5 4 6 192 9 6 10 2 11 6 12 2 13 425 15 2 16 333 17 292 
E37 8 0 1 3 1 6 8 10 3 11 7 13 197 16 190 17 185 
E38 11 0 8 3 341 6 143 8 1 9 2 10 1 11 1 13 295 15 1 16 135 17 30 
E39 6 0 1 3 36 6 49 13 133 16 36 17 24 
E40 17 0 101 2 1 3 1452 4 1 5 47 6 327 7 8 8 2 9 4 10 16 11 9 12 14 13 480 14 7 15 9 16 471 17 119 
E41 14 0 159 3 922 5 10 6 261 9 23 10 20 11 8 12 7 13 232 14 2 15 1 16 247 17 75 20 1 
E42 2 6 1 13 46 
E43 6 3 1 6 6 10 1 13 33 16 23 17 4 
E44 10 0 3 1 1 3 278 5 2 6 136 9 10 11 1 13 223 16 322 17 246 
E45 7 0 2 3 102 6 26 10 1 13 237 16 150 17 74 
E46 11 0 23 3 374 5 9 6 1137 8 2 9 10 10 3 11 5 13 340 16 401 17 188 
E47 12 0 21 3 291 5 9 6 425 7 11 8 11 9 33 10 12 11 4 13 355 16 584 17 1055 
E48 12 0 196 2 7 3 253 5 4 6 85 9 2 10 17 11 4 12 4 13 267 16 209 17 162 
E49 18 0 160 1 2 2 2 3 1049 4 10 5 65 6 584 7 5 8 4 9 30 10 42 11 3 12 1 13 623 14 2 15 1 16 807 17 128 
E50 8 0 2 3 73 4 1 6 8 12 1 13 37 16 50 17 14 
E51 9 3 28 5 1 6 36 9 77 10 122 11 64 13 32 16 34 17 57 
E52 8 0 9 3 69 6 76 9 1 12 1 13 148 16 70 17 35 
E53 8 3 38 6 477 9 8 10 7 11 10 13 56 16 1 17 2 
E54 14 0 97 2 1 3 558 5 21 6 313 9 11 10 6 11 9 12 7 13 247 14 12 15 8 16 143 17 122 
E55 15 0 90 1 1 3 147 5 18 6 228 8 1 9 16 10 24 11 13 12 17 13 89 14 3 15 1 16 81 17 23 
E56 8 3 257 4 2 5 2 6 405 12 1 13 165 16 125 17 195 
E57 8 0 3 3 35 6 16 10 8 11 5 13 19 16 16 17 20 
E58 11 0 22 1 3 2 3 3 490 5 10 6 132 9 1 10 1 13 261 16 264 17 126 
E59 6 3 54 5 1 6 10 13 140 16 171 17 156 
E60 8 0 60 3 96 5 2 6 43 10 1 13 81 16 194 17 53 
E61 9 0 13 3 11 6 36 9 6 10 9 11 6 13 54 16 47 17 27 
E62 12 0 7 3 186 5 3 6 106 9 6 10 7 11 4 12 6 13 52 14 2 16 87 17 61 
E63 13 0 47 3 292 5 21 6 249 8 1 9 5 10 115 11 270 13 113 14 1 15 2 16 152 17 258 
E64 4 3 16 4 1 5 2 6 13 
E65 10 0 13 3 10 5 1 6 20 9 22 10 20 11 23 13 166 16 279 17 25 
E66 6 3 10 5 6 6 89 13 150 16 191 17 129 
E67 12 0 28 3 240 4 3 6 67 8 1 9 1 11 1 12 1 13 149 15 1 16 121 17 14 
E68 1 6 3 
E69 1 3 1 
E70 12 0 17 2 1 3 141 5 7 6 24 9 6 10 4 11 1 13 655 14 1 16 529 17 401 
E71 11 0 181 2 2 3 489 5 9 6 244 10 1 11 3 12 2 13 75 16 131 17 68 
E72 8 3 38 6 38 9 5 10 2 11 2 13 7 16 16 17 6 
E73 7 0 9 3 130 5 3 6 260 13 87 16 77 17 34 
E74 4 0 13 3 3 6 2 13 1 
E75 11 0 157 3 136 5 5 6 22 8 2 9 4 10 3 11 2 13 103 16 80 17 24 
E76 13 0 8 3 89 5 2 6 114 7 1 8 2 9 5 10 6 11 5 12 2 13 26 16 74 17 12 
E77 9 3 2 6 17 8 1 9 1 10 2 11 1 13 6 16 21 17 2 
E78 6 0 2 6 9 10 1 13 2 16 12 17 26 
E79 8 0 6 2 1 3 27 5 1 6 34 13 32 16 29 17 22 
E80 13 0 19 1 2 3 89 5 3 6 34 7 2 9 2 10 3 11 2 12 2 13 77 16 143 17 12 
E81 6 3 36 5 3 6 13 13 46 16 49 17 58 
E82 9 0 29 3 17 6 7 9 4 10 4 11 1 13 106 16 80 17 63 
E83 15 0 99 1 1 2 1 3 1054 4 3 5 23 6 346 9 119 10 132 11 47 12 2 13 353 14 5 16 342 17 172 
E84 5 3 1 6 11 13 13 16 8 17 20 
E85 9 3 44 5 5 6 9 9 3 10 4 11 2 13 77 16 76 17 8 
E86 6 0 21 3 40 6 19 10 1 13 7 16 49 
E87 13 0 29 1 1 3 109 4 1 5 2 6 22 9 5 10 5 11 2 12 2 13 78 16 53 17 62 
E88 5 3 45 6 88 13 19 16 40 17 22 
E89 6 3 2 5 26 6 11 13 22 16 1 17 1 
E90 5 3 78 6 25 13 25 16 6 17 1 
E91 9 0 9 3 9 6 14 9 1 10 2 11 2 13 40 16 42 17 49 
E92 8 0 4 3 61 5 1 6 24 9 2 13 68 16 34 17 18 
E93 7 0 16 3 65 5 1 6 19 13 52 16 39 17 16 
E94 2 6 3 17 1 
E95 1 6 4 
E96 5 0 1 5 1 6 7 10 1 14 1 
E97 1 6 9 
E98 7 0 1 3 23 6 7 9 1 13 3 16 3 17 12 
E99 8 0 14 3 68 6 44 10 5 13 332 14 1 16 351 17 56 
E100 5 3 12 6 4 13 18 16 14 17 10 
E101 4 6 3 13 3 16 9 17 1 
E102 10 0 36 3 40 6 20 9 20 10 12 11 17 12 1 13 178 16 166 17 220 
E103 10 0 4 3 32 5 2 6 42 9 8 10 1 11 2 13 49 16 11 17 18 
E104 1 6 1 
E105 3 3 2 6 2 17 2 
E106 8 0 2 3 18 5 1 6 6 8 1 10 1 13 3 16 3 
E107 2 3 1 6 8 
E108 17 0 18 2 3 3 62 4 1 5 6 6 30 7 3 8 1 9 4 10 4 11 3 12 3 13 30 14 1 15 1 16 45 17 3 
E109 2 3 8 6 2 
E110 2 6 2 10 1 
E111 8 0 6 2 1 3 60 6 102 11 1 13 50 16 31 17 13 
E112 5 3 2 4 2 6 22 16 25 17 51 
E113 5 3 59 6 20 13 1 16 10 17 12 
E114 6 0 19 3 6 6 2 13 20 16 15 17 7 
E115 1 6 2 
E116 5 3 5 6 2 12 1 16 1 17 1 
E117 3 3 2 6 1 16 1 
E118 4 3 15 6 3 9 1 13 8 
E119 10 0 14 3 1 6 7 9 8 10 14 11 5 12 2 13 105 16 91 17 67 
E120 5 0 4 3 2 6 5 13 4 16 20 
E121 5 0 9 3 5 6 14 16 5 17 17 
E122 4 3 12 6 20 16 11 17 4 
E123 1 6 3 
