E124 6 3 139 5 1 6 3 9 318 10 441 11 197
E125 6 3 183 5 1 6 3 9 471 10 441 11 281 
E126 6 3 1203 6 1 11 5 13 11 16 30 17 14 
E127 3 3 3901 9 2 10 1 
E128 4 3 1008 6 1 10 55 11 97 
E129 11 6 441 7 2 8 2 9 2 10 8 11 33 12 5 13 785 15 2 16 1654 17 2247 
E130 4 3 85 9 915 10 320 16 1 
E131 4 6 2 13 809 16 1023 17 1263 
E132 7 3 218 9 414 10 573 11 308 13 128 16 4 17 14 
E133 1 3 140 
E134 1 6 2835 
E135 8 0 103 1 2 2 2 3 146 9 59 10 39 11 15 13 1 
E136 3 13 334 16 718 17 232 
E137 6 1 3 3 94 5 1 9 61 10 38 11 34 
E138 3 13 532 16 423 17 484 
E139 6 0 10703 8 1 9 309 10 472 11 409 13 315 
E140 3 3 690 10 3 11 33 
E141 18 0 3021 1 141 2 146 3 225 4 159 5 51 6 36 7 14 8 15 9 235 10 120 11 76 12 48 13 45 14 40 15 30 16 31 17 25 
E142 4 6 77 9 370 10 531 11 388 
E143 4 6 62 13 416 16 420 17 201 
E144 7 3 938 6 21 9 67 10 119 11 8 16 84 17 8 
E145 11 0 128 6 389 9 51 10 145 11 142 12 22 13 681 14 9 15 9 16 848 17 1420 
E146 5 3 111 9 348 10 492 11 456 13 9 
E147 6 3 1014 6 137 9 264 10 384 11 514 17 1 
E148 3 5 267 6 1 9 2 
E149 4 3 619 9 147 10 268 11 113 
E150 4 3 165 9 81 10 89 11 75 
E151 5 3 63 9 7 10 42 11 26 17 2 
E152 9 0 102 1 3 3 1 5 3 6 1343 10 8 11 20 16 1 17 7 
E153 4 3 177 9 7 10 20 11 76 
E154 6 6 39 11 1 13 481 15 2 16 851 17 442 
E155 3 13 359 16 423 17 263 
E156 5 0 25 3 352 9 1 10 3 11 3 
E157 8 3 315 6 7 9 486 10 80 11 23 13 4 16 1 17 2 
E158 4 3 315 9 176 10 268 11 100 
E159 7 3 11 6 113 9 25 10 39 11 40 13 1 17 4 
E160 7 3 676 9 11 11 350 12 2 13 569 16 584 17 622 
E161 4 3 185 9 1 10 2 11 50 
E162 5 0 40 6 245 13 42 16 84 17 60 
E163 5 3 2 6 29 9 81 10 217 11 599 
E164 7 3 544 9 98 10 179 11 30 13 159 16 160 17 283 
E165 8 5 5 6 1858 9 6 10 1 11 18 13 180 16 248 17 30 
E166 5 3 765 6 375 9 88 10 166 17 3 
E167 7 6 648 7 2 10 1 13 830 15 2 16 1120 17 2039 
E168 2 3 395 17 4 
E169 4 0 4 3 121 6 1003 9 282 
E170 5 0 14 3 161 9 199 10 293 11 119 
E171 1 6 7013 
E172 4 6 108 9 438 10 357 11 268 
E173 3 13 429 16 681 17 1260 
E174 7 6 25 8 1 13 313 14 3 15 2 16 333 17 471 
E175 4 6 4 13 1294 16 1002 17 1471 
E176 3 13 640 16 616 17 679 
E177 5 3 180 6 6 9 228 10 284 11 137 
E178 3 13 409 16 297 17 313 
E179 6 3 183 6 58 9 206 10 189 11 62 13 20 
E180 3 13 570 16 651 17 802 
E181 9 0 98 6 127 9 164 10 95 11 72 12 1 13 341 16 294 17 283 
E182 3 13 239 16 420 17 390 
E183 4 3 449 9 289 10 112 11 77 
E184 6 3 189 9 101 10 214 11 55 13 36 16 44 
E185 5 0 4860 9 190 10 209 11 137 13 46 
E186 2 0 188 3 885 
E187 3 6 10 9 1 10 5 
E188 5 0 177 6 4 13 412 16 617 17 863 
E189 5 6 461 10 40 13 39 16 21 17 45 
E190 7 0 55 1 3 3 261 5 1 9 1 10 11 11 12 
E191 4 6 33 13 26 16 729 17 1943 
E192 3 3 30 9 20 10 18 
E193 13 3 1 6 3660 7 43 8 32 9 38 10 37 11 29 12 27 13 4545 14 20 15 29 16 7226 17 14390 
E194 3 0 11049 9 2 10 2 
E195 4 6 8 13 789 16 1086 17 2743 
E196 7 9 34 10 52 11 18 13 765 14 2 16 753 17 1131 
E197 4 13 1566 14 4 16 1202 17 1278 
E198 4 11 7 13 346 16 197 17 178 
E199 2 3 681 10 127 
E200 3 13 169 16 288 17 107 
E201 3 9 556 10 307 11 221 
E202 5 0 12 3 400 9 31 10 289 11 364 
E203 5 0 62 3 10 9 156 10 212 11 138 
E204 11 3 82 6 318 9 4 10 12 11 34 12 2 13 147 14 1 15 4 16 251 17 484 
E205 3 13 215 16 276 17 476 
E206 4 3 373 9 123 10 200 11 217 
E207 4 3 580 9 299 10 174 11 340 
E208 3 13 206 16 262 17 429 
E209 6 0 1 5 2 6 1196 9 10 10 13 11 1 
E210 1 3 557 
E211 1 6 1470 
E212 1 6 1497 
E213 4 6 365 13 190 16 236 17 357 
E214 5 3 155 9 146 10 213 11 198 13 1 
E215 5 0 217 3 420 9 8 10 77 11 34 
E216 4 3 11 9 251 10 289 11 134 
E217 2 16 10 17 24 
E218 3 3 54 9 73 10 10 
E219 6 6 105 10 3 11 15 13 183 16 176 17 9 
E220 1 6 1233 
E221 1 6 652 
E222 9 0 5 3 85 6 90 9 200 10 106 11 73 13 113 16 162 17 189 
E223 6 6 27 7 1 8 3 9 7 13 337 16 102 
E224 3 13 164 16 251 17 695 
E225 12 3 23 5 94 6 3426 8 3 10 3 11 7 12 18 13 1489 14 413 15 1 16 973 17 1865 
E226 7 3 46 9 123 10 140 11 126 13 38 16 28 17 15 
E227 8 3 159 6 8 9 177 10 208 11 124 13 2 16 2 17 7 
E228 7 6 893 9 40 10 4 11 9 13 2 16 2 17 43 
E229 3 13 153 16 270 17 350 
E230 2 0 184 3 408 
E231 6 3 85 9 189 10 77 13 3 16 4 17 12 
E232 1 6 113 
E233 4 3 75 9 45 10 82 11 21 
E234 4 6 37 13 180 16 258 17 105 
E235 3 13 282 16 340 17 322 
E236 7 3 308 9 34 10 77 11 39 13 31 16 28 17 1 
E237 4 9 132 10 87 13 1 16 1 
E238 2 3 2 6 11254 
E239 3 13 189 16 66 17 51 
E240 1 3 20 
E241 4 6 14 13 124 16 196 17 387 
E242 4 9 1 13 8 16 5 17 4 
E243 4 6 1 13 185 16 246 17 245 
E244 4 3 124 13 48 16 138 17 133 
E245 1 3 309 
E246 6 3 29 5 1 6 694 13 3 16 16 17 6 
E247 9 9 3 10 1 11 3 12 8 13 133 14 3 15 14 16 116 17 52 
E248 5 3 88 6 125 9 22 10 74 11 44 
E249 2 3 436 11 34 
E250 3 13 214 16 193 17 253 
E251 7 3 40 6 6 9 4 10 29 13 129 16 60 17 6 
E252 4 5 7 13 90 16 167 17 253 
E253 3 3 143 9 87 10 88 
E254 2 3 454 17 2 
E255 4 6 1 13 147 16 171 17 280 
E256 3 13 219 16 265 17 408 
E257 7 3 89 9 3 10 11 11 10 13 74 16 60 17 70 
E258 5 0 1506 6 418 9 17 10 37 11 402 
E259 1 6 707 
E260 4 6 163 13 389 16 370 17 483 
E261 5 11 1 12 2 13 472 16 497 17 395 
E262 8 9 6 10 23 11 9 12 5 13 213 14 1 16 177 17 222 
E263 6 3 50 6 100 9 111 10 72 11 70 17 1 
E264 3 13 3 16 12 17 9 
E265 9 3 6 6 1 9 58 10 101 11 106 12 2 13 91 16 17 17 19 
E266 3 13 106 16 167 17 177 
E267 7 0 164 2 2 3 2 7 1 8 3 9 25 10 5 
E268 4 3 227 9 44 10 52 11 19 
E269 6 0 30 3 34 6 34 10 4 16 16 17 76 
E270 3 13 107 16 99 17 129 
E271 4 6 1 13 135 16 120 17 184 
E272 3 13 149 16 203 17 190 
E273 6 3 6779 5 5 6 1121 13 17 16 16 17 23 
E274 1 3 136 
E275 5 3 78 6 31 9 47 10 75 11 126 
E276 6 3 34 6 1 9 61 10 61 11 11 17 1 
E277 3 13 61 16 84 17 109 
E278 3 13 92 16 64 17 66 
E279 8 0 436 1 10 2 3 3 1 4 1 9 2 13 6 16 41 
E280 4 13 142 14 3 16 204 17 200 
E281 13 3 16 5 13 6 115 7 25 8 47 9 41 10 29 11 28 12 10 13 81 15 7 16 80 17 59 
E282 9 0 3 3 926 4 2 5 230 6 718 9 1 13 15 16 32 17 32 
E283 3 13 86 16 91 17 114 
E284 3 13 135 16 140 17 154 
E285 5 6 122 10 3 13 90 16 97 17 146 
E286 4 9 4 13 108 16 85 17 2 
E287 3 13 80 16 84 17 103 
E288 3 13 47 16 88 17 105 
E289 1 3 1567 
E290 7 5 22 6 13 11 3 13 212 15 4 16 324 17 410 
E291 6 0 5 3 1 5 2 9 4 13 1 16 116 
E292 4 6 858 9 1 10 324 11 95 
E293 3 13 44 16 45 17 18 
E294 4 6 9 13 58 16 111 17 132 
E295 3 13 63 16 44 17 99 
E296 4 3 99 6 10 9 56 10 54 
E297 3 13 63 16 75 17 24 
E298 4 3 2349 5 6 13 67 16 14 
E299 5 9 254 10 121 11 69 13 36 16 15 
E300 4 9 178 10 17 11 26 13 2 
E301 2 3 188 6 240 
E302 3 13 97 16 73 17 91 
E303 2 0 303 10 12 
E304 3 13 226 16 306 17 419 
E305 3 3 138 10 56 11 127 
E306 8 0 12 3 9 6 240 11 6 12 1 13 33 16 18 17 10 
E307 3 3 37 9 14 10 47 
E308 1 3 1613 
E309 4 3 98 5 2 9 37 10 35 
E310 2 3 657 6 281 
E311 1 3 411 
E312 3 13 84 16 95 17 487 
E313 3 9 62 10 95 11 122 
E314 1 3 110 
E315 3 13 450 16 483 17 600 
E316 4 6 2 13 187 16 124 17 91 
E317 5 3 7 6 152 15 1 16 2 17 9 
E318 3 13 91 16 89 17 169 
E319 3 13 148 16 203 17 340 
E320 1 6 92 
E321 3 9 133 10 107 11 125 
E322 7 6 229 9 47 10 8 11 81 13 54 16 268 17 145 
E323 4 3 2 6 22 9 65 10 28 
E324 8 3 4 6 219 9 3 10 2 11 2 13 19 16 49 17 41 
E325 4 6 165 13 847 16 1284 17 1705 
E326 3 13 54 16 61 17 66 
E327 3 13 46 16 52 17 153 
E328 7 6 69 11 2 12 1 13 17 15 1 16 30 17 24 
E329 1 0 124 
E330 1 3 7773 
E331 1 6 88 
E332 5 6 33 11 5 15 1 16 76 17 263 
E333 1 3 127 
E334 4 10 1 13 46 16 78 17 60 
E335 2 3 161 13 111 
E336 3 0 36 3 11 5 1 
E337 7 9 144 10 145 11 179 12 1 13 116 16 22 17 71 
E338 2 3 27 5 55 
E339 3 13 35 16 115 17 18 
E340 1 3 137 
E341 2 13 25 16 44 
E342 3 13 44 16 39 17 49 
E343 2 3 400 4 1 
E344 4 13 24 14 2 16 32 17 30 
E345 6 6 41 9 1 13 7 15 1 16 12 17 13 
E346 3 13 165 16 211 17 229 
E347 3 13 47 16 57 17 66 
E348 1 3 4050 
E349 1 3 39 
E350 2 3 50 5 2 
E351 1 3 52 
E352 1 3 47 
E353 2 3 66 5 2 
E354 2 3 279 5 14 
E355 2 3 262 4 1 
E356 2 3 187 5 2 
E357 1 3 144 
E358 1 3 259 
E359 2 3 222 5 2 
E360 1 3 29 
E361 2 3 6 6 84 
E362 1 3 95 
E363 2 3 29 5 1 
E364 4 6 5 13 61 16 91 17 151 
E365 5 6 45 11 6 13 16 16 3 17 6 
E366 1 5 19 
E367 2 3 129 5 69 
E368 4 6 7 13 1 16 1 17 13 
E369 3 13 39 16 72 17 89 
E370 2 0 2 3 468 
E371 2 3 11 17 15 
E372 4 3 243 6 96 16 29 17 168 
E373 4 11 1 13 34 16 46 17 28 
E374 1 3 204 
E375 2 3 356 5 1 
E376 2 3 44 5 1 
E377 2 3 55 5 3 
E378 3 3 51 13 244 16 3 
E379 3 3 18 6 14 17 123 
E380 1 3 166 
E381 6 3 4 6 1 9 1 13 33 16 21 17 20 
E382 1 3 88 
E383 1 3 111 
E384 3 13 11 16 14 17 2 
E385 1 3 12 
E386 1 3 54 
E387 1 3 86 
E388 1 3 319 
E389 1 3 63 
E390 1 3 14 
E391 2 3 305 5 13 
E392 2 3 223 5 4 
E393 2 3 542 5 2 
E394 1 3 21 
E395 4 6 1 13 19 16 21 17 53 
E396 1 6 65 
E397 2 3 130 5 2 
E398 1 3 89 
E399 1 3 15 
E400 3 3 120 4 1 5 1 
E401 3 13 5 16 22 17 12 
E402 2 16 5 17 17 
E403 3 3 53 10 2 17 6 
E404 3 9 3 10 6 11 6 
E405 1 3 25 
E406 1 3 24 
E407 1 3 31 
E408 1 3 26 
E409 1 3 90 
E410 2 0 40 3 25 
E411 3 0 1 3 55 5 11 
E412 2 3 121 5 16 
E413 1 3 33 
E414 1 3 11 
E415 2 3 207 16 1 
E416 1 3 23 
E417 1 3 6 
E418 2 3 19 5 1 
E419 1 6 4 
E420 5 11 3 13 28 14 1 16 39 17 43 
E421 1 3 28 
E422 3 3 23 4 1 5 3 
E423 1 3 6 
E424 1 3 37 
E425 1 3 10 
