E1 4 6 2 13 2587 16 2810 17 2487 
E2 3 5 12 6 11651 16 2 
E3 4 6 3 13 4989 16 7287 17 11409 
E4 4 6 4 13 91 16 411 17 1535 
E5 5 9 12 11 9 13 82 16 665 17 237 
E6 5 3 171 6 236 9 210 10 208 11 88 
E7 7 6 42 9 1 13 1205 15 1 16 2152 17 4629 18 2 
E8 5 5 29 6 8266 13 30 16 32 17 2 
E9 3 13 1551 16 1807 17 2402 
E10 5 3 504 6 1 9 1 10 2 11 8 
E11 3 9 247 10 764 11 40 
E12 4 3 54 9 38 10 100 11 71 
E13 6 6 486 13 1413 15 4 16 1872 17 3032 18 1 
E14 4 6 2 13 809 16 1023 17 1263 
E15 3 3 2029 9 20 10 211 
E16 4 0 145 3 241 9 2 11 2 
E17 6 3 89 6 47 9 120 10 180 11 116 17 9 
E18 4 3 225 9 44 10 47 11 29 
E19 3 13 492 16 1039 17 1290 
E20 3 13 59 16 91 17 587 
E21 4 3 38 9 629 10 550 11 211 
E22 4 9 578 10 428 11 356 17 4 
E23 6 6 348 13 503 14 3 15 2 16 955 17 1630 
E24 8 3 99 6 10 9 563 10 518 11 322 13 66 16 47 17 13 
E25 3 13 244 16 251 17 319 
E26 3 13 92 16 168 17 190 
E27 8 -9 1 6 3 9 361 10 428 11 310 13 191 16 27 17 68 
E28 3 9 289 10 142 11 94 
E29 2 3 389 9 80 
E30 4 3 106 9 104 10 235 11 302 
E31 7 9 109 10 177 11 161 13 596 15 1 16 593 17 864 
E32 2 3 465 5 3 
E33 10 0 17 1 3 3 206 6 242 9 97 10 128 11 205 13 10 16 3 17 1 
E34 5 3 405 6 5 9 85 10 49 11 52 
E35 10 0 74 9 98 10 86 11 75 12 6 13 60 14 1 15 1 16 63 17 273 
E36 4 0 197 13 345 16 452 17 435 
E37 3 13 262 16 259 17 663 
E38 3 3 467 9 49 10 36 
E39 6 3 7 9 42 10 2 13 19 16 66 17 100 
E40 7 0 285 1 31 2 3 3 224 4 3 5 1 6 253 
E41 6 0 168 1 107 2 58 3 92 4 3 6 177 
E42 1 0 294 
E43 3 3 75 9 53 10 86 
E44 7 6 120 10 10 11 8 13 288 14 2 16 906 17 908 
E45 4 3 2 13 199 16 58 17 46 
E46 2 6 885 13 4 
E47 3 13 597 16 891 17 1868 
E48 3 13 471 16 297 17 192 
E49 4 6 416 13 2 16 2 17 41 
E50 3 3 167 9 79 10 9 
E51 3 9 319 10 267 11 248 
E52 4 6 19 13 170 16 69 17 28 
E53 1 6 396 
E54 12 0 16 6 1787 7 2 8 5 9 7 10 7 11 10 12 7 13 367 15 3 16 409 17 595 
E55 8 5 131 6 126 9 3 10 11 11 2 13 30 16 53 17 87 
E56 4 13 181 14 1 16 143 17 133 
E57 3 13 156 16 94 17 136 
E58 4 3 112 6 24 9 101 10 47 
E59 4 10 1 13 102 16 932 17 1032 
E60 1 3 424 
E61 4 0 659 13 220 16 490 17 586 
E62 1 6 191 
E63 4 6 7 13 1 16 100 17 517 
E64 3 0 1196 10 63 11 24 
E65 8 0 20 6 114 9 107 10 87 11 78 13 27 16 10 17 12 
E66 2 3 256 6 372 
E67 2 3 186 5 6 
E68 8 0 37 1 6 2 8 3 7 4 2 5 1 8 1 10 3 
E69 1 3 523 
E70 5 6 8 13 164 15 3 16 137 17 157 
E71 2 0 356 3 3 
E72 2 0 86 6 90 
E73 3 13 65 16 53 17 105 
E74 1 0 512 
E75 4 0 4 3 8058 4 1 5 1 
E76 2 6 213 13 10 
E77 2 5 248 17 4 
E78 4 6 72 9 1 10 58 11 117 
E79 5 5 55 9 1 10 1 13 8 16 9 
E80 3 3 9 5 36 6 2 
E81 3 13 155 16 209 17 245 
E82 3 13 47 16 159 17 129 
E83 1 3 649 
E84 3 13 175 16 150 17 120 
E85 1 3 247 
E86 1 3 19 
E87 3 3 44 16 1 17 26 
E88 2 3 200 13 164 
E89 3 13 33 16 86 17 46 
E90 2 3 2 6 185 
E91 3 13 37 16 43 17 43 
E92 1 3 36 
E93 1 3 141 
E94 1 3 178 
E95 1 3 864 
E96 1 3 18 
E97 1 3 255 
E98 2 0 7 3 126 
E99 2 3 4 9 1 
E100 1 3 98 
E101 2 13 10 16 22 
E102 3 13 40 16 88 17 23 
E103 7 6 21 9 10 10 3 11 1 12 3 13 10 16 6 
E104 1 3 19 
E105 2 3 119 5 2 
E106 2 3 137 5 1 
E107 1 6 34 
E108 1 3 33 
E109 2 3 20 5 3 
E110 1 3 62 
E111 4 3 28 13 60 16 52 17 64 
E112 2 16 2 17 14 
E113 3 13 1 16 15 17 15 
E114 1 3 66 
E115 1 3 4 
E116 1 3 43 
E117 3 0 24 2 1 3 1 
E118 2 3 135 5 1 
E119 1 3 18 
E120 1 3 9 
E121 3 3 52 16 8 17 103 
E122 2 3 76 5 26 
E123 3 3 11 16 15 17 7 
